Vertex Count: 996

Data:

1.3681 -1.5 1.3681 0.044 0.044 0.0572 -0.9967 0.0572
-1.3681 -1.5 1.3681 0.956 0.044 -0.0705 -0.995 0.0705
-1.3681 -1.5 -1.3681 0.956 0.956 -0.0705 -0.995 -0.0705
-1.3681 -1.5 -1.3681 0.956 0.956 -0.0705 -0.995 -0.0705
1.3681 -1.5 -1.3681 0.044 0.956 0.0572 -0.9967 -0.0572
1.3681 -1.5 1.3681 0.044 0.044 0.0572 -0.9967 0.0572
1.3681 1.5 1.3681 0.956 0.044 0.0705 0.995 0.0705
1.3681 1.5 -1.3681 0.956 0.956 0.0705 0.995 -0.0705
-1.3681 1.5 -1.3681 0.044 0.956 -0.0705 0.995 -0.0705
-1.3681 1.5 -1.3681 0.044 0.956 -0.0705 0.995 -0.0705
-1.3681 1.5 1.3681 0.044 0.044 -0.0705 0.995 0.0705
1.3681 1.5 1.3681 0.956 0.044 0.0705 0.995 0.0705
1.3681 1.3681 -1.5 0.956 0.044 0.0705 0.0705 -0.995
1.3681 -1.3681 -1.5 0.956 0.956 0.0705 -0.0705 -0.995
-1.3681 -1.3681 -1.5 0.044 0.956 -0.0572 -0.0572 -0.9967
-1.3681 -1.3681 -1.5 0.044 0.956 -0.0572 -0.0572 -0.9967
-1.3681 1.3681 -1.5 0.044 0.044 -0.0572 0.0572 -0.9967
1.3681 1.3681 -1.5 0.956 0.044 0.0705 0.0705 -0.995
1.5 1.3681 1.3681 0.956 0.044 0.995 0.0705 0.0705
1.5 -1.3681 1.3681 0.956 0.956 0.995 -0.0705 0.0705
1.5 -1.3681 -1.3681 0.044 0.956 0.995 -0.0705 -0.0705
1.5 -1.3681 -1.3681 0.044 0.956 0.995 -0.0705 -0.0705
1.5 1.3681 -1.3681 0.044 0.044 0.9967 0.0572 -0.0572
1.5 1.3681 1.3681 0.956 0.044 0.995 0.0705 0.0705
-1.3681 1.3681 1.5 0.956 0.044 -0.0705 0.0705 0.995
-1.3681 -1.3681 1.5 0.956 0.956 -0.0705 -0.0705 0.995
1.3681 -1.3681 1.5 0.044 0.956 0.0705 -0.0705 0.995
1.3681 -1.3681 1.5 0.044 0.956 0.0705 -0.0705 0.995
1.3681 1.3681 1.5 0.044 0.044 0.0572 0.0572 0.9967
-1.3681 1.3681 1.5 0.956 0.044 -0.0705 0.0705 0.995
-1.5 1.3681 -1.3681 0.956 0.044 -0.995 0.0705 -0.0705
-1.5 -1.3681 -1.3681 0.956 0.956 -0.995 -0.0705 -0.0705
-1.5 -1.3681 1.3681 0.044 0.956 -0.9967 -0.0572 0.0572
-1.5 -1.3681 1.3681 0.044 0.956 -0.9967 -0.0572 0.0572
-1.5 1.3681 1.3681 0.044 0.044 -0.9967 0.0572 0.0572
-1.5 1.3681 -1.3681 0.956 0.044 -0.995 0.0705 -0.0705
-1.3681 -1.4258 -1.4918 0 1 -0.0249 -0.3423 -0.9393
-1.3934 -1.4222 -1.4918 0 1 -0.1138 -0.3293 -0.9374
-1.3681 -1.3681 -1.5 0.044 0.956 -0.0572 -0.0572 -0.9967
1.3681 -1.4918 -1.4258 0 1 0.0249 -0.9393 -0.3423
1.3934 -1.4918 -1.4222 0 1 0.1138 -0.9374 -0.3293
1.3681 -1.5 -1.3681 0.044 0.956 0.0572 -0.9967 -0.0572
-1.4918 -1.4258 1.3681 0 1 -0.9393 -0.3423 0.0249
-1.4918 -1.4222 1.3934 0 1 -0.9374 -0.3293 0.1138
-1.5 -1.3681 1.3681 0.044 0.956 -0.9967 -0.0572 0.0572
1.4258 -1.4918 1.3681 0 0 0.3423 -0.9393 0.0249
1.4222 -1.4918 1.3934 0 0 0.3293 -0.9374 0.1138
1.3681 -1.5 1.3681 0.044 0.044 0.0572 -0.9967 0.0572
-1.4258 1.3681 -1.4918 0 0 -0.3423 0.0249 -0.9393
-1.4222 1.3934 -1.4918 0 0 -0.3293 0.1138 -0.9374
-1.3681 1.3681 -1.5 0.044 0.044 -0.0572 0.0572 -0.9967
1.4918 1.3681 -1.4258 0 0 0.9393 0.0249 -0.3423
1.4918 1.3934 -1.4222 0 0 0.9374 0.1138 -0.3293
1.5 1.3681 -1.3681 0.044 0.044 0.9967 0.0572 -0.0572
-1.4918 1.3681 1.4258 0 0 -0.9393 0.0249 0.3423
-1.4918 1.3934 1.4222 0 0 -0.9374 0.1138 0.3293
-1.5 1.3681 1.3681 0.044 0.044 -0.9967 0.0572 0.0572
1.4258 1.3681 1.4918 0 0 0.3423 0.0249 0.9393
1.4222 1.3934 1.4918 0 0 0.3293 0.1138 0.9374
1.3681 1.3681 1.5 0.044 0.044 0.0572 0.0572 0.9967
-1.3681 -1.5 -1.3681 0.956 0.8939 -0.0705 -0.995 -0.0705
-1.3681 -1.5 1.3681 0.044 0.8939 -0.0705 -0.995 0.0705
-1.4258 -1.4918 1.3681 0.044 0.9094 -0.3311 -0.9412 0.0664
-1.4258 -1.4918 1.3681 0.044 0.9094 -0.3311 -0.9412 0.0664
-1.4258 -1.4918 -1.3681 0.956 0.9094 -0.3345 -0.9396 -0.0723
-1.3681 -1.5 -1.3681 0.956 0.8939 -0.0705 -0.995 -0.0705
-1.3681 -1.5 1.3681 0.956 0.8939 -0.0705 -0.995 0.0705
1.3681 -1.5 1.3681 0.044 0.8939 0.0572 -0.9967 0.0572
1.3681 -1.4918 1.4258 0.044 0.9094 0.0249 -0.9393 0.3423
1.3681 -1.4918 1.4258 0.044 0.9094 0.0249 -0.9393 0.3423
-1.3681 -1.4918 1.4258 0.956 0.9094 -0.0723 -0.9396 0.3345
-1.3681 -1.5 1.3681 0.956 0.8939 -0.0705 -0.995 0.0705
1.3681 -1.5 1.3681 0.956 0.8939 0.0572 -0.9967 0.0572
1.3681 -1.5 -1.3681 0.044 0.8939 0.0572 -0.9967 -0.0572
1.4258 -1.4918 -1.3681 0.044 0.9094 0.3423 -0.9393 -0.0249
1.4258 -1.4918 -1.3681 0.044 0.9094 0.3423 -0.9393 -0.0249
1.4258 -1.4918 1.3681 0.956 0.9094 0.3423 -0.9393 0.0249
1.3681 -1.5 1.3681 0.956 0.8939 0.0572 -0.9967 0.0572
1.3681 -1.5 -1.3681 0.956 0.8939 0.0572 -0.9967 -0.0572
-1.3681 -1.5 -1.3681 0.044 0.8939 -0.0705 -0.995 -0.0705
-1.3681 -1.4918 -1.4258 0.044 0.9094 -0.0664 -0.9412 -0.3311
-1.3681 -1.4918 -1.4258 0.044 0.9094 -0.0664 -0.9412 -0.3311
1.3681 -1.4918 -1.4258 0.956 0.9094 0.0249 -0.9393 -0.3423
1.3681 -1.5 -1.3681 0.956 0.8939 0.0572 -0.9967 -0.0572
-1.3681 1.5 -1.3681 0.044 0.1061 -0.0705 0.995 -0.0705
1.3681 1.5 -1.3681 0.956 0.1061 0.0705 0.995 -0.0705
1.3681 1.4918 -1.4258 0.956 0.0906 0.0723 0.9396 -0.3345
1.3681 1.4918 -1.4258 0.956 0.0906 0.0723 0.9396 -0.3345
-1.3681 1.4918 -1.4258 0.044 0.0906 -0.0664 0.9412 -0.3311
-1.3681 1.5 -1.3681 0.044 0.1061 -0.0705 0.995 -0.0705
1.3681 1.5 -1.3681 0.044 0.1061 0.0705 0.995 -0.0705
1.3681 1.5 1.3681 0.956 0.1061 0.0705 0.995 0.0705
1.4258 1.4918 1.3681 0.956 0.0906 0.3345 0.9396 0.0723
1.4258 1.4918 1.3681 0.956 0.0906 0.3345 0.9396 0.0723
1.4258 1.4918 -1.3681 0.044 0.0906 0.3311 0.9412 -0.0664
1.3681 1.5 -1.3681 0.044 0.1061 0.0705 0.995 -0.0705
1.3681 1.5 1.3681 0.044 0.1061 0.0705 0.995 0.0705
-1.3681 1.5 1.3681 0.956 0.1061 -0.0705 0.995 0.0705
-1.3681 1.4918 1.4258 0.956 0.0906 -0.0723 0.9396 0.3345
-1.3681 1.4918 1.4258 0.956 0.0906 -0.0723 0.9396 0.3345
1.3681 1.4918 1.4258 0.044 0.0906 0.0664 0.9412 0.3311
1.3681 1.5 1.3681 0.044 0.1061 0.0705 0.995 0.0705
-1.3681 1.5 1.3681 0.044 0.1061 -0.0705 0.995 0.0705
-1.3681 1.5 -1.3681 0.956 0.1061 -0.0705 0.995 -0.0705
-1.4258 1.4918 -1.3681 0.956 0.0906 -0.3345 0.9396 -0.0723
-1.4258 1.4918 -1.3681 0.956 0.0906 -0.3345 0.9396 -0.0723
-1.4258 1.4918 1.3681 0.044 0.0906 -0.3311 0.9412 0.0664
-1.3681 1.5 1.3681 0.044 0.1061 -0.0705 0.995 0.0705
1.3681 -1.3681 -1.5 0.1061 0.956 0.0705 -0.0705 -0.995
1.3681 1.3681 -1.5 0.1061 0.044 0.0705 0.0705 -0.995
1.4258 1.3681 -1.4918 0.0906 0.044 0.3311 0.0664 -0.9412
1.4258 1.3681 -1.4918 0.0906 0.044 0.3311 0.0664 -0.9412
1.4258 -1.3681 -1.4918 0.0906 0.956 0.3345 -0.0723 -0.9396
1.3681 -1.3681 -1.5 0.1061 0.956 0.0705 -0.0705 -0.995
-1.3681 1.3681 -1.5 0.8939 0.044 -0.0572 0.0572 -0.9967
-1.3681 -1.3681 -1.5 0.8939 0.956 -0.0572 -0.0572 -0.9967
-1.4258 -1.3681 -1.4918 0.9094 0.956 -0.3423 -0.0249 -0.9393
-1.4258 -1.3681 -1.4918 0.9094 0.956 -0.3423 -0.0249 -0.9393
-1.4258 1.3681 -1.4918 0.9094 0.044 -0.3423 0.0249 -0.9393
-1.3681 1.3681 -1.5 0.8939 0.044 -0.0572 0.0572 -0.9967
1.5 -1.3681 1.3681 0.1061 0.956 0.995 -0.0705 0.0705
1.5 1.3681 1.3681 0.1061 0.044 0.995 0.0705 0.0705
1.4918 1.3681 1.4258 0.0906 0.044 0.9412 0.0664 0.3311
1.4918 1.3681 1.4258 0.0906 0.044 0.9412 0.0664 0.3311
1.4918 -1.3681 1.4258 0.0906 0.956 0.9396 -0.0723 0.3345
1.5 -1.3681 1.3681 0.1061 0.956 0.995 -0.0705 0.0705
-1.3681 -1.3681 1.5 0.1061 0.956 -0.0705 -0.0705 0.995
-1.3681 1.3681 1.5 0.1061 0.044 -0.0705 0.0705 0.995
-1.4258 1.3681 1.4918 0.0906 0.044 -0.3311 0.0664 0.9412
-1.4258 1.3681 1.4918 0.0906 0.044 -0.3311 0.0664 0.9412
-1.4258 -1.3681 1.4918 0.0906 0.956 -0.3311 -0.0664 0.9412
-1.3681 -1.3681 1.5 0.1061 0.956 -0.0705 -0.0705 0.995
-1.4222 -1.3934 -1.4918 0 1 -0.3293 -0.1138 -0.9374
-1.4258 -1.3681 -1.4918 0.0241 0.9706 -0.3423 -0.0249 -0.9393
-1.3681 -1.3681 -1.5 0.044 0.956 -0.0572 -0.0572 -0.9967
-1.4258 -1.3681 -1.4918 0.0241 0.9706 -0.3423 -0.0249 -0.9393
-1.4222 -1.3934 -1.4918 0 1 -0.3293 -0.1138 -0.9374
-1.4609 -1.4114 -1.467 0 1 -0.6723 -0.2374 -0.7012
-1.4609 -1.4114 -1.467 0 1 -0.6723 -0.2374 -0.7012
-1.467 -1.3681 -1.467 0.0085 0.9703 -0.7115 -0.0507 -0.7009
-1.4258 -1.3681 -1.4918 0.0241 0.9706 -0.3423 -0.0249 -0.9393
-1.467 -1.3681 -1.467 0.0085 0.9703 -0.7115 -0.0507 -0.7009
-1.4609 -1.4114 -1.467 0 1 -0.6723 -0.2374 -0.7012
-1.484 -1.4222 -1.4258 0 1 -0.8875 -0.3166 -0.3348
-1.484 -1.4222 -1.4258 0 1 -0.8875 -0.3166 -0.3348
-1.4918 -1.3681 -1.4258 -0.0028 0.955 -0.9412 -0.0664 -0.3311
-1.467 -1.3681 -1.467 0.0085 0.9703 -0.7115 -0.0507 -0.7009
-1.4918 -1.3681 -1.4258 -0.0028 0.955 -0.9412 -0.0664 -0.3311
-1.484 -1.4222 -1.4258 0 1 -0.8875 -0.3166 -0.3348
-1.4918 -1.4258 -1.3681 -0.0062 0.957 -0.9396 -0.3345 -0.0723
-1.4918 -1.4258 -1.3681 -0.0062 0.957 -0.9396 -0.3345 -0.0723
-1.5 -1.3681 -1.3681 -0.0099 0.925 -0.995 -0.0705 -0.0705
-1.4918 -1.3681 -1.4258 -0.0028 0.955 -0.9412 -0.0664 -0.3311
-1.4114 -1.4114 -1.4918 0 1 -0.2437 -0.2437 -0.9387
-1.4222 -1.3934 -1.4918 0 1 -0.3293 -0.1138 -0.9374
-1.3681 -1.3681 -1.5 0.044 0.956 -0.0572 -0.0572 -0.9967
-1.4222 -1.3934 -1.4918 0 1 -0.3293 -0.1138 -0.9374
-1.4114 -1.4114 -1.4918 0 1 -0.2437 -0.2437 -0.9387
-1.4423 -1.4423 -1.467 0 1 -0.5001 -0.5001 -0.7069
-1.4423 -1.4423 -1.467 0 1 -0.5001 -0.5001 -0.7069
-1.4609 -1.4114 -1.467 0 1 -0.6723 -0.2374 -0.7012
-1.4222 -1.3934 -1.4918 0 1 -0.3293 -0.1138 -0.9374
-1.4609 -1.4114 -1.467 0 1 -0.6723 -0.2374 -0.7012
-1.4423 -1.4423 -1.467 0 1 -0.5001 -0.5001 -0.7069
-1.4609 -1.4609 -1.4258 0 1 -0.6648 -0.6648 -0.3409
-1.4609 -1.4609 -1.4258 0 1 -0.6648 -0.6648 -0.3409
-1.484 -1.4222 -1.4258 0 1 -0.8875 -0.3166 -0.3348
-1.4609 -1.4114 -1.467 0 1 -0.6723 -0.2374 -0.7012
-1.484 -1.4222 -1.4258 0 1 -0.8875 -0.3166 -0.3348
-1.4609 -1.4609 -1.4258 0 1 -0.6648 -0.6648 -0.3409
-1.467 -1.467 -1.3681 -0.0049 0.978 -0.7052 -0.7052 -0.0743
-1.467 -1.467 -1.3681 -0.0049 0.978 -0.7052 -0.7052 -0.0743
-1.4918 -1.4258 -1.3681 -0.0062 0.957 -0.9396 -0.3345 -0.0723
-1.484 -1.4222 -1.4258 0 1 -0.8875 -0.3166 -0.3348
-1.3934 -1.4222 -1.4918 0 1 -0.1138 -0.3293 -0.9374
-1.4114 -1.4114 -1.4918 0 1 -0.2437 -0.2437 -0.9387
-1.3681 -1.3681 -1.5 0.044 0.956 -0.0572 -0.0572 -0.9967
-1.4114 -1.4114 -1.4918 0 1 -0.2437 -0.2437 -0.9387
-1.3934 -1.4222 -1.4918 0 1 -0.1138 -0.3293 -0.9374
-1.4114 -1.4609 -1.467 0 1 -0.2374 -0.6723 -0.7012
-1.4114 -1.4609 -1.467 0 1 -0.2374 -0.6723 -0.7012
-1.4423 -1.4423 -1.467 0 1 -0.5001 -0.5001 -0.7069
-1.4114 -1.4114 -1.4918 0 1 -0.2437 -0.2437 -0.9387
-1.4423 -1.4423 -1.467 0 1 -0.5001 -0.5001 -0.7069
-1.4114 -1.4609 -1.467 0 1 -0.2374 -0.6723 -0.7012
-1.4222 -1.484 -1.4258 0 1 -0.3166 -0.8875 -0.3348
-1.4222 -1.484 -1.4258 0 1 -0.3166 -0.8875 -0.3348
-1.4609 -1.4609 -1.4258 0 1 -0.6648 -0.6648 -0.3409
-1.4423 -1.4423 -1.467 0 1 -0.5001 -0.5001 -0.7069
-1.4609 -1.4609 -1.4258 0 1 -0.6648 -0.6648 -0.3409
-1.4222 -1.484 -1.4258 0 1 -0.3166 -0.8875 -0.3348
-1.4258 -1.4918 -1.3681 -0.0062 0.9881 -0.3345 -0.9396 -0.0723
-1.4258 -1.4918 -1.3681 -0.0062 0.9881 -0.3345 -0.9396 -0.0723
-1.467 -1.467 -1.3681 -0.0049 0.978 -0.7052 -0.7052 -0.0743
-1.4609 -1.4609 -1.4258 0 1 -0.6648 -0.6648 -0.3409
-1.3934 -1.4222 -1.4918 0 1 -0.1138 -0.3293 -0.9374
-1.3681 -1.4258 -1.4918 0 1 -0.0249 -0.3423 -0.9393
-1.3681 -1.467 -1.467 0 1 -0.0507 -0.7115 -0.7009
-1.3681 -1.467 -1.467 0 1 -0.0507 -0.7115 -0.7009
-1.4114 -1.4609 -1.467 0 1 -0.2374 -0.6723 -0.7012
-1.3934 -1.4222 -1.4918 0 1 -0.1138 -0.3293 -0.9374
-1.4114 -1.4609 -1.467 0 1 -0.2374 -0.6723 -0.7012
-1.3681 -1.467 -1.467 0 1 -0.0507 -0.7115 -0.7009
-1.3681 -1.4918 -1.4258 0 1 -0.0664 -0.9412 -0.3311
-1.3681 -1.4918 -1.4258 0 1 -0.0664 -0.9412 -0.3311
-1.4222 -1.484 -1.4258 0 1 -0.3166 -0.8875 -0.3348
-1.4114 -1.4609 -1.467 0 1 -0.2374 -0.6723 -0.7012
-1.4222 -1.484 -1.4258 0 1 -0.3166 -0.8875 -0.3348
-1.3681 -1.4918 -1.4258 0 1 -0.0664 -0.9412 -0.3311
-1.3681 -1.5 -1.3681 -0.0099 0.9871 -0.0705 -0.995 -0.0705
-1.3681 -1.5 -1.3681 -0.0099 0.9871 -0.0705 -0.995 -0.0705
-1.4258 -1.4918 -1.3681 -0.0062 0.9881 -0.3345 -0.9396 -0.0723
-1.4222 -1.484 -1.4258 0 1 -0.3166 -0.8875 -0.3348
1.4222 -1.4918 -1.3934 0 1 0.3293 -0.9374 -0.1138
1.4258 -1.4918 -1.3681 0.0241 0.9706 0.3423 -0.9393 -0.0249
1.3681 -1.5 -1.3681 0.044 0.956 0.0572 -0.9967 -0.0572
1.4258 -1.4918 -1.3681 0.0241 0.9706 0.3423 -0.9393 -0.0249
1.4222 -1.4918 -1.3934 0 1 0.3293 -0.9374 -0.1138
1.4609 -1.467 -1.4114 0 1 0.6723 -0.7012 -0.2374
1.4609 -1.467 -1.4114 0 1 0.6723 -0.7012 -0.2374
1.467 -1.467 -1.3681 0.0085 0.9703 0.7115 -0.7009 -0.0507
1.4258 -1.4918 -1.3681 0.0241 0.9706 0.3423 -0.9393 -0.0249
1.467 -1.467 -1.3681 0.0085 0.9703 0.7115 -0.7009 -0.0507
1.4609 -1.467 -1.4114 0 1 0.6723 -0.7012 -0.2374
1.484 -1.4258 -1.4222 0 1 0.8875 -0.3348 -0.3166
1.484 -1.4258 -1.4222 0 1 0.8875 -0.3348 -0.3166
1.4918 -1.4258 -1.3681 -0.0028 0.955 0.9412 -0.3311 -0.0664
1.467 -1.467 -1.3681 0.0085 0.9703 0.7115 -0.7009 -0.0507
1.4918 -1.4258 -1.3681 -0.0028 0.955 0.9412 -0.3311 -0.0664
1.484 -1.4258 -1.4222 0 1 0.8875 -0.3348 -0.3166
1.4918 -1.3681 -1.4258 -0.0062 0.957 0.9396 -0.0723 -0.3345
1.4918 -1.3681 -1.4258 -0.0062 0.957 0.9396 -0.0723 -0.3345
1.5 -1.3681 -1.3681 -0.0099 0.925 0.995 -0.0705 -0.0705
1.4918 -1.4258 -1.3681 -0.0028 0.955 0.9412 -0.3311 -0.0664
1.4114 -1.4918 -1.4114 0 1 0.2437 -0.9387 -0.2437
1.4222 -1.4918 -1.3934 0 1 0.3293 -0.9374 -0.1138
1.3681 -1.5 -1.3681 0.044 0.956 0.0572 -0.9967 -0.0572
1.4222 -1.4918 -1.3934 0 1 0.3293 -0.9374 -0.1138
1.4114 -1.4918 -1.4114 0 1 0.2437 -0.9387 -0.2437
1.4423 -1.467 -1.4423 0 1 0.5001 -0.7069 -0.5001
1.4423 -1.467 -1.4423 0 1 0.5001 -0.7069 -0.5001
1.4609 -1.467 -1.4114 0 1 0.6723 -0.7012 -0.2374
1.4222 -1.4918 -1.3934 0 1 0.3293 -0.9374 -0.1138
1.4609 -1.467 -1.4114 0 1 0.6723 -0.7012 -0.2374
1.4423 -1.467 -1.4423 0 1 0.5001 -0.7069 -0.5001
1.4609 -1.4258 -1.4609 0 1 0.6648 -0.3409 -0.6648
1.4609 -1.4258 -1.4609 0 1 0.6648 -0.3409 -0.6648
1.484 -1.4258 -1.4222 0 1 0.8875 -0.3348 -0.3166
1.4609 -1.467 -1.4114 0 1 0.6723 -0.7012 -0.2374
1.484 -1.4258 -1.4222 0 1 0.8875 -0.3348 -0.3166
1.4609 -1.4258 -1.4609 0 1 0.6648 -0.3409 -0.6648
1.467 -1.3681 -1.467 -0.0049 0.978 0.7052 -0.0743 -0.7052
1.467 -1.3681 -1.467 -0.0049 0.978 0.7052 -0.0743 -0.7052
1.4918 -1.3681 -1.4258 -0.0062 0.957 0.9396 -0.0723 -0.3345
1.484 -1.4258 -1.4222 0 1 0.8875 -0.3348 -0.3166
1.3934 -1.4918 -1.4222 0 1 0.1138 -0.9374 -0.3293
1.4114 -1.4918 -1.4114 0 1 0.2437 -0.9387 -0.2437
1.3681 -1.5 -1.3681 0.044 0.956 0.0572 -0.9967 -0.0572
1.4114 -1.4918 -1.4114 0 1 0.2437 -0.9387 -0.2437
1.3934 -1.4918 -1.4222 0 1 0.1138 -0.9374 -0.3293
1.4114 -1.467 -1.4609 0 1 0.2374 -0.7012 -0.6723
1.4114 -1.467 -1.4609 0 1 0.2374 -0.7012 -0.6723
1.4423 -1.467 -1.4423 0 1 0.5001 -0.7069 -0.5001
1.4114 -1.4918 -1.4114 0 1 0.2437 -0.9387 -0.2437
1.4423 -1.467 -1.4423 0 1 0.5001 -0.7069 -0.5001
1.4114 -1.467 -1.4609 0 1 0.2374 -0.7012 -0.6723
1.4222 -1.4258 -1.484 0 1 0.3166 -0.3348 -0.8875
1.4222 -1.4258 -1.484 0 1 0.3166 -0.3348 -0.8875
1.4609 -1.4258 -1.4609 0 1 0.6648 -0.3409 -0.6648
1.4423 -1.467 -1.4423 0 1 0.5001 -0.7069 -0.5001
1.4609 -1.4258 -1.4609 0 1 0.6648 -0.3409 -0.6648
1.4222 -1.4258 -1.484 0 1 0.3166 -0.3348 -0.8875
1.4258 -1.3681 -1.4918 -0.0062 0.9881 0.3345 -0.0723 -0.9396
1.4258 -1.3681 -1.4918 -0.0062 0.9881 0.3345 -0.0723 -0.9396
1.467 -1.3681 -1.467 -0.0049 0.978 0.7052 -0.0743 -0.7052
1.4609 -1.4258 -1.4609 0 1 0.6648 -0.3409 -0.6648
1.3934 -1.4918 -1.4222 0 1 0.1138 -0.9374 -0.3293
1.3681 -1.4918 -1.4258 0 1 0.0249 -0.9393 -0.3423
1.3681 -1.467 -1.467 0 1 0.0507 -0.7009 -0.7115
1.3681 -1.467 -1.467 0 1 0.0507 -0.7009 -0.7115
1.4114 -1.467 -1.4609 0 1 0.2374 -0.7012 -0.6723
1.3934 -1.4918 -1.4222 0 1 0.1138 -0.9374 -0.3293
1.4114 -1.467 -1.4609 0 1 0.2374 -0.7012 -0.6723
1.3681 -1.467 -1.467 0 1 0.0507 -0.7009 -0.7115
1.3681 -1.4258 -1.4918 0 1 0.0664 -0.3311 -0.9412
1.3681 -1.4258 -1.4918 0 1 0.0664 -0.3311 -0.9412
1.4222 -1.4258 -1.484 0 1 0.3166 -0.3348 -0.8875
1.4114 -1.467 -1.4609 0 1 0.2374 -0.7012 -0.6723
1.4222 -1.4258 -1.484 0 1 0.3166 -0.3348 -0.8875
1.3681 -1.4258 -1.4918 0 1 0.0664 -0.3311 -0.9412
1.3681 -1.3681 -1.5 -0.0099 0.9871 0.0705 -0.0705 -0.995
1.3681 -1.3681 -1.5 -0.0099 0.9871 0.0705 -0.0705 -0.995
1.4258 -1.3681 -1.4918 -0.0062 0.9881 0.3345 -0.0723 -0.9396
1.4222 -1.4258 -1.484 0 1 0.3166 -0.3348 -0.8875
-1.4918 -1.3934 1.4222 0 1 -0.9374 -0.1138 0.3293
-1.4918 -1.3681 1.4258 0.0241 0.9706 -0.9393 -0.0249 0.3423
-1.5 -1.3681 1.3681 0.044 0.956 -0.9967 -0.0572 0.0572
-1.4918 -1.3681 1.4258 0.0241 0.9706 -0.9393 -0.0249 0.3423
-1.4918 -1.3934 1.4222 0 1 -0.9374 -0.1138 0.3293
-1.467 -1.4114 1.4609 0 1 -0.7012 -0.2374 0.6723
-1.467 -1.4114 1.4609 0 1 -0.7012 -0.2374 0.6723
-1.467 -1.3681 1.467 0.0085 0.9703 -0.7009 -0.0507 0.7115
-1.4918 -1.3681 1.4258 0.0241 0.9706 -0.9393 -0.0249 0.3423
-1.467 -1.3681 1.467 0.0085 0.9703 -0.7009 -0.0507 0.7115
-1.467 -1.4114 1.4609 0 1 -0.7012 -0.2374 0.6723
-1.4258 -1.4222 1.484 0 1 -0.3348 -0.3166 0.8875
-1.4258 -1.4222 1.484 0 1 -0.3348 -0.3166 0.8875
-1.4258 -1.3681 1.4918 -0.0028 0.955 -0.3311 -0.0664 0.9412
-1.467 -1.3681 1.467 0.0085 0.9703 -0.7009 -0.0507 0.7115
-1.4258 -1.3681 1.4918 -0.0028 0.955 -0.3311 -0.0664 0.9412
-1.4258 -1.4222 1.484 0 1 -0.3348 -0.3166 0.8875
-1.3681 -1.4258 1.4918 -0.0062 0.957 -0.0723 -0.3345 0.9396
-1.3681 -1.4258 1.4918 -0.0062 0.957 -0.0723 -0.3345 0.9396
-1.3681 -1.3681 1.5 -0.0099 0.925 -0.0705 -0.0705 0.995
-1.4258 -1.3681 1.4918 -0.0028 0.955 -0.3311 -0.0664 0.9412
-1.4918 -1.4114 1.4114 0 1 -0.9387 -0.2437 0.2437
-1.4918 -1.3934 1.4222 0 1 -0.9374 -0.1138 0.3293
-1.5 -1.3681 1.3681 0.044 0.956 -0.9967 -0.0572 0.0572
-1.4918 -1.3934 1.4222 0 1 -0.9374 -0.1138 0.3293
-1.4918 -1.4114 1.4114 0 1 -0.9387 -0.2437 0.2437
-1.467 -1.4423 1.4423 0 1 -0.7069 -0.5001 0.5001
-1.467 -1.4423 1.4423 0 1 -0.7069 -0.5001 0.5001
-1.467 -1.4114 1.4609 0 1 -0.7012 -0.2374 0.6723
-1.4918 -1.3934 1.4222 0 1 -0.9374 -0.1138 0.3293
-1.467 -1.4114 1.4609 0 1 -0.7012 -0.2374 0.6723
-1.467 -1.4423 1.4423 0 1 -0.7069 -0.5001 0.5001
-1.4258 -1.4609 1.4609 0 1 -0.3409 -0.6648 0.6648
-1.4258 -1.4609 1.4609 0 1 -0.3409 -0.6648 0.6648
-1.4258 -1.4222 1.484 0 1 -0.3348 -0.3166 0.8875
-1.467 -1.4114 1.4609 0 1 -0.7012 -0.2374 0.6723
-1.4258 -1.4222 1.484 0 1 -0.3348 -0.3166 0.8875
-1.4258 -1.4609 1.4609 0 1 -0.3409 -0.6648 0.6648
-1.3681 -1.467 1.467 -0.0049 0.978 -0.0743 -0.7052 0.7052
-1.3681 -1.467 1.467 -0.0049 0.978 -0.0743 -0.7052 0.7052
-1.3681 -1.4258 1.4918 -0.0062 0.957 -0.0723 -0.3345 0.9396
-1.4258 -1.4222 1.484 0 1 -0.3348 -0.3166 0.8875
-1.4918 -1.4222 1.3934 0 1 -0.9374 -0.3293 0.1138
-1.4918 -1.4114 1.4114 0 1 -0.9387 -0.2437 0.2437
-1.5 -1.3681 1.3681 0.044 0.956 -0.9967 -0.0572 0.0572
-1.4918 -1.4114 1.4114 0 1 -0.9387 -0.2437 0.2437
-1.4918 -1.4222 1.3934 0 1 -0.9374 -0.3293 0.1138
-1.467 -1.4609 1.4114 0 1 -0.7012 -0.6723 0.2374
-1.467 -1.4609 1.4114 0 1 -0.7012 -0.6723 0.2374
-1.467 -1.4423 1.4423 0 1 -0.7069 -0.5001 0.5001
-1.4918 -1.4114 1.4114 0 1 -0.9387 -0.2437 0.2437
-1.467 -1.4423 1.4423 0 1 -0.7069 -0.5001 0.5001
-1.467 -1.4609 1.4114 0 1 -0.7012 -0.6723 0.2374
-1.4258 -1.484 1.4222 0 1 -0.3348 -0.8875 0.3166
-1.4258 -1.484 1.4222 0 1 -0.3348 -0.8875 0.3166
-1.4258 -1.4609 1.4609 0 1 -0.3409 -0.6648 0.6648
-1.467 -1.4423 1.4423 0 1 -0.7069 -0.5001 0.5001
-1.4258 -1.4609 1.4609 0 1 -0.3409 -0.6648 0.6648
-1.4258 -1.484 1.4222 0 1 -0.3348 -0.8875 0.3166
-1.3681 -1.4918 1.4258 -0.0062 0.9881 -0.0723 -0.9396 0.3345
-1.3681 -1.4918 1.4258 -0.0062 0.9881 -0.0723 -0.9396 0.3345
-1.3681 -1.467 1.467 -0.0049 0.978 -0.0743 -0.7052 0.7052
-1.4258 -1.4609 1.4609 0 1 -0.3409 -0.6648 0.6648
-1.4918 -1.4222 1.3934 0 1 -0.9374 -0.3293 0.1138
-1.4918 -1.4258 1.3681 0 1 -0.9393 -0.3423 0.0249
-1.467 -1.467 1.3681 0 1 -0.7009 -0.7115 0.0507
-1.467 -1.467 1.3681 0 1 -0.7009 -0.7115 0.0507
-1.467 -1.4609 1.4114 0 1 -0.7012 -0.6723 0.2374
-1.4918 -1.4222 1.3934 0 1 -0.9374 -0.3293 0.1138
-1.467 -1.4609 1.4114 0 1 -0.7012 -0.6723 0.2374
-1.467 -1.467 1.3681 0 1 -0.7009 -0.7115 0.0507
-1.4258 -1.4918 1.3681 0 1 -0.3311 -0.9412 0.0664
-1.4258 -1.4918 1.3681 0 1 -0.3311 -0.9412 0.0664
-1.4258 -1.484 1.4222 0 1 -0.3348 -0.8875 0.3166
-1.467 -1.4609 1.4114 0 1 -0.7012 -0.6723 0.2374
-1.4258 -1.484 1.4222 0 1 -0.3348 -0.8875 0.3166
-1.4258 -1.4918 1.3681 0 1 -0.3311 -0.9412 0.0664
-1.3681 -1.5 1.3681 -0.0099 0.9871 -0.0705 -0.995 0.0705
-1.3681 -1.5 1.3681 -0.0099 0.9871 -0.0705 -0.995 0.0705
-1.3681 -1.4918 1.4258 -0.0062 0.9881 -0.0723 -0.9396 0.3345
-1.4258 -1.484 1.4222 0 1 -0.3348 -0.8875 0.3166
1.3934 -1.4918 1.4222 0 0 0.1138 -0.9374 0.3293
1.3681 -1.4918 1.4258 0.0241 0.0255 0.0249 -0.9393 0.3423
1.3681 -1.5 1.3681 0.044 0.044 0.0572 -0.9967 0.0572
1.3681 -1.4918 1.4258 0.0241 0.0255 0.0249 -0.9393 0.3423
1.3934 -1.4918 1.4222 0 0 0.1138 -0.9374 0.3293
1.4114 -1.467 1.4609 0 0 0.2374 -0.7012 0.6723
1.4114 -1.467 1.4609 0 0 0.2374 -0.7012 0.6723
1.3681 -1.467 1.467 0.0085 0.0142 0.0507 -0.7009 0.7115
1.3681 -1.4918 1.4258 0.0241 0.0255 0.0249 -0.9393 0.3423
1.3681 -1.467 1.467 0.0085 0.0142 0.0507 -0.7009 0.7115
1.4114 -1.467 1.4609 0 0 0.2374 -0.7012 0.6723
1.4222 -1.4258 1.484 0 0 0.3166 -0.3348 0.8875
1.4222 -1.4258 1.484 0 0 0.3166 -0.3348 0.8875
1.3681 -1.4258 1.4918 -0.0028 0.00999999 0.0664 -0.3311 0.9412
1.3681 -1.467 1.467 0.0085 0.0142 0.0507 -0.7009 0.7115
1.3681 -1.4258 1.4918 -0.0028 0.00999999 0.0664 -0.3311 0.9412
1.4222 -1.4258 1.484 0 0 0.3166 -0.3348 0.8875
1.4258 -1.3681 1.4918 -0.0062 0.0119 0.3345 -0.0723 0.9396
1.4258 -1.3681 1.4918 -0.0062 0.0119 0.3345 -0.0723 0.9396
1.3681 -1.3681 1.5 -0.0099 0.0129 0.0705 -0.0705 0.995
1.3681 -1.4258 1.4918 -0.0028 0.00999999 0.0664 -0.3311 0.9412
1.4114 -1.4918 1.4114 0 0 0.2437 -0.9387 0.2437
1.3934 -1.4918 1.4222 0 0 0.1138 -0.9374 0.3293
1.3681 -1.5 1.3681 0.044 0.044 0.0572 -0.9967 0.0572
1.3934 -1.4918 1.4222 0 0 0.1138 -0.9374 0.3293
1.4114 -1.4918 1.4114 0 0 0.2437 -0.9387 0.2437
1.4423 -1.467 1.4423 0 0 0.5001 -0.7069 0.5001
1.4423 -1.467 1.4423 0 0 0.5001 -0.7069 0.5001
1.4114 -1.467 1.4609 0 0 0.2374 -0.7012 0.6723
1.3934 -1.4918 1.4222 0 0 0.1138 -0.9374 0.3293
1.4114 -1.467 1.4609 0 0 0.2374 -0.7012 0.6723
1.4423 -1.467 1.4423 0 0 0.5001 -0.7069 0.5001
1.4609 -1.4258 1.4609 0 0 0.6648 -0.3409 0.6648
1.4609 -1.4258 1.4609 0 0 0.6648 -0.3409 0.6648
1.4222 -1.4258 1.484 0 0 0.3166 -0.3348 0.8875
1.4114 -1.467 1.4609 0 0 0.2374 -0.7012 0.6723
1.4222 -1.4258 1.484 0 0 0.3166 -0.3348 0.8875
1.4609 -1.4258 1.4609 0 0 0.6648 -0.3409 0.6648
1.467 -1.3681 1.467 -0.0049 0.022 0.7052 -0.0743 0.7052
1.467 -1.3681 1.467 -0.0049 0.022 0.7052 -0.0743 0.7052
1.4258 -1.3681 1.4918 -0.0062 0.0119 0.3345 -0.0723 0.9396
1.4222 -1.4258 1.484 0 0 0.3166 -0.3348 0.8875
1.4222 -1.4918 1.3934 0 0 0.3293 -0.9374 0.1138
1.4114 -1.4918 1.4114 0 0 0.2437 -0.9387 0.2437
1.3681 -1.5 1.3681 0.044 0.044 0.0572 -0.9967 0.0572
1.4114 -1.4918 1.4114 0 0 0.2437 -0.9387 0.2437
1.4222 -1.4918 1.3934 0 0 0.3293 -0.9374 0.1138
1.4609 -1.467 1.4114 0 0 0.6723 -0.7012 0.2374
1.4609 -1.467 1.4114 0 0 0.6723 -0.7012 0.2374
1.4423 -1.467 1.4423 0 0 0.5001 -0.7069 0.5001
1.4114 -1.4918 1.4114 0 0 0.2437 -0.9387 0.2437
1.4423 -1.467 1.4423 0 0 0.5001 -0.7069 0.5001
1.4609 -1.467 1.4114 0 0 0.6723 -0.7012 0.2374
1.484 -1.4258 1.4222 0 0 0.8875 -0.3348 0.3166
1.484 -1.4258 1.4222 0 0 0.8875 -0.3348 0.3166
1.4609 -1.4258 1.4609 0 0 0.6648 -0.3409 0.6648
1.4423 -1.467 1.4423 0 0 0.5001 -0.7069 0.5001
1.4609 -1.4258 1.4609 0 0 0.6648 -0.3409 0.6648
1.484 -1.4258 1.4222 0 0 0.8875 -0.3348 0.3166
1.4918 -1.3681 1.4258 -0.0062 0.043 0.9396 -0.0723 0.3345
1.4918 -1.3681 1.4258 -0.0062 0.043 0.9396 -0.0723 0.3345
1.467 -1.3681 1.467 -0.0049 0.022 0.7052 -0.0743 0.7052
1.4609 -1.4258 1.4609 0 0 0.6648 -0.3409 0.6648
1.4222 -1.4918 1.3934 0 0 0.3293 -0.9374 0.1138
1.4258 -1.4918 1.3681 0 0 0.3423 -0.9393 0.0249
1.467 -1.467 1.3681 0 0 0.7115 -0.7009 0.0507
1.467 -1.467 1.3681 0 0 0.7115 -0.7009 0.0507
1.4609 -1.467 1.4114 0 0 0.6723 -0.7012 0.2374
1.4222 -1.4918 1.3934 0 0 0.3293 -0.9374 0.1138
1.4609 -1.467 1.4114 0 0 0.6723 -0.7012 0.2374
1.467 -1.467 1.3681 0 0 0.7115 -0.7009 0.0507
1.4918 -1.4258 1.3681 0 0 0.9412 -0.3311 0.0664
1.4918 -1.4258 1.3681 0 0 0.9412 -0.3311 0.0664
1.484 -1.4258 1.4222 0 0 0.8875 -0.3348 0.3166
1.4609 -1.467 1.4114 0 0 0.6723 -0.7012 0.2374
1.484 -1.4258 1.4222 0 0 0.8875 -0.3348 0.3166
1.4918 -1.4258 1.3681 0 0 0.9412 -0.3311 0.0664
1.5 -1.3681 1.3681 -0.0099 0.075 0.995 -0.0705 0.0705
1.5 -1.3681 1.3681 -0.0099 0.075 0.995 -0.0705 0.0705
1.4918 -1.3681 1.4258 -0.0062 0.043 0.9396 -0.0723 0.3345
1.484 -1.4258 1.4222 0 0 0.8875 -0.3348 0.3166
-1.3934 1.4222 -1.4918 0 0 -0.1138 0.3293 -0.9374
-1.3681 1.4258 -1.4918 0.0241 0.0255 -0.0249 0.3423 -0.9393
-1.3681 1.3681 -1.5 0.044 0.044 -0.0572 0.0572 -0.9967
-1.3681 1.4258 -1.4918 0.0241 0.0255 -0.0249 0.3423 -0.9393
-1.3934 1.4222 -1.4918 0 0 -0.1138 0.3293 -0.9374
-1.4114 1.4609 -1.467 0 0 -0.2374 0.6723 -0.7012
-1.4114 1.4609 -1.467 0 0 -0.2374 0.6723 -0.7012
-1.3681 1.467 -1.467 0.0085 0.0142 -0.0507 0.7115 -0.7009
-1.3681 1.4258 -1.4918 0.0241 0.0255 -0.0249 0.3423 -0.9393
-1.3681 1.467 -1.467 0.0085 0.0142 -0.0507 0.7115 -0.7009
-1.4114 1.4609 -1.467 0 0 -0.2374 0.6723 -0.7012
-1.4222 1.484 -1.4258 0 0 -0.3166 0.8875 -0.3348
-1.4222 1.484 -1.4258 0 0 -0.3166 0.8875 -0.3348
-1.3681 1.4918 -1.4258 -0.0028 0.00999999 -0.0664 0.9412 -0.3311
-1.3681 1.467 -1.467 0.0085 0.0142 -0.0507 0.7115 -0.7009
-1.3681 1.4918 -1.4258 -0.0028 0.00999999 -0.0664 0.9412 -0.3311
-1.4222 1.484 -1.4258 0 0 -0.3166 0.8875 -0.3348
-1.4258 1.4918 -1.3681 -0.0062 0.0119 -0.3345 0.9396 -0.0723
-1.4258 1.4918 -1.3681 -0.0062 0.0119 -0.3345 0.9396 -0.0723
-1.3681 1.5 -1.3681 -0.0099 0.0129 -0.0705 0.995 -0.0705
-1.3681 1.4918 -1.4258 -0.0028 0.00999999 -0.0664 0.9412 -0.3311
-1.4114 1.4114 -1.4918 0 0 -0.2437 0.2437 -0.9387
-1.3934 1.4222 -1.4918 0 0 -0.1138 0.3293 -0.9374
-1.3681 1.3681 -1.5 0.044 0.044 -0.0572 0.0572 -0.9967
-1.3934 1.4222 -1.4918 0 0 -0.1138 0.3293 -0.9374
-1.4114 1.4114 -1.4918 0 0 -0.2437 0.2437 -0.9387
-1.4423 1.4423 -1.467 0 0 -0.5001 0.5001 -0.7069
-1.4423 1.4423 -1.467 0 0 -0.5001 0.5001 -0.7069
-1.4114 1.4609 -1.467 0 0 -0.2374 0.6723 -0.7012
-1.3934 1.4222 -1.4918 0 0 -0.1138 0.3293 -0.9374
-1.4114 1.4609 -1.467 0 0 -0.2374 0.6723 -0.7012
-1.4423 1.4423 -1.467 0 0 -0.5001 0.5001 -0.7069
-1.4609 1.4609 -1.4258 0 0 -0.6648 0.6648 -0.3409
-1.4609 1.4609 -1.4258 0 0 -0.6648 0.6648 -0.3409
-1.4222 1.484 -1.4258 0 0 -0.3166 0.8875 -0.3348
-1.4114 1.4609 -1.467 0 0 -0.2374 0.6723 -0.7012
-1.4222 1.484 -1.4258 0 0 -0.3166 0.8875 -0.3348
-1.4609 1.4609 -1.4258 0 0 -0.6648 0.6648 -0.3409
-1.467 1.467 -1.3681 -0.0049 0.022 -0.7052 0.7052 -0.0743
-1.467 1.467 -1.3681 -0.0049 0.022 -0.7052 0.7052 -0.0743
-1.4258 1.4918 -1.3681 -0.0062 0.0119 -0.3345 0.9396 -0.0723
-1.4222 1.484 -1.4258 0 0 -0.3166 0.8875 -0.3348
-1.4222 1.3934 -1.4918 0 0 -0.3293 0.1138 -0.9374
-1.4114 1.4114 -1.4918 0 0 -0.2437 0.2437 -0.9387
-1.3681 1.3681 -1.5 0.044 0.044 -0.0572 0.0572 -0.9967
-1.4114 1.4114 -1.4918 0 0 -0.2437 0.2437 -0.9387
-1.4222 1.3934 -1.4918 0 0 -0.3293 0.1138 -0.9374
-1.4609 1.4114 -1.467 0 0 -0.6723 0.2374 -0.7012
-1.4609 1.4114 -1.467 0 0 -0.6723 0.2374 -0.7012
-1.4423 1.4423 -1.467 0 0 -0.5001 0.5001 -0.7069
-1.4114 1.4114 -1.4918 0 0 -0.2437 0.2437 -0.9387
-1.4423 1.4423 -1.467 0 0 -0.5001 0.5001 -0.7069
-1.4609 1.4114 -1.467 0 0 -0.6723 0.2374 -0.7012
-1.484 1.4222 -1.4258 0 0 -0.8875 0.3166 -0.3348
-1.484 1.4222 -1.4258 0 0 -0.8875 0.3166 -0.3348
-1.4609 1.4609 -1.4258 0 0 -0.6648 0.6648 -0.3409
-1.4423 1.4423 -1.467 0 0 -0.5001 0.5001 -0.7069
-1.4609 1.4609 -1.4258 0 0 -0.6648 0.6648 -0.3409
-1.484 1.4222 -1.4258 0 0 -0.8875 0.3166 -0.3348
-1.4918 1.4258 -1.3681 -0.0062 0.043 -0.9396 0.3345 -0.0723
-1.4918 1.4258 -1.3681 -0.0062 0.043 -0.9396 0.3345 -0.0723
-1.467 1.467 -1.3681 -0.0049 0.022 -0.7052 0.7052 -0.0743
-1.4609 1.4609 -1.4258 0 0 -0.6648 0.6648 -0.3409
-1.4222 1.3934 -1.4918 0 0 -0.3293 0.1138 -0.9374
-1.4258 1.3681 -1.4918 0 0 -0.3423 0.0249 -0.9393
-1.467 1.3681 -1.467 0 0 -0.7115 0.0507 -0.7009
-1.467 1.3681 -1.467 0 0 -0.7115 0.0507 -0.7009
-1.4609 1.4114 -1.467 0 0 -0.6723 0.2374 -0.7012
-1.4222 1.3934 -1.4918 0 0 -0.3293 0.1138 -0.9374
-1.4609 1.4114 -1.467 0 0 -0.6723 0.2374 -0.7012
-1.467 1.3681 -1.467 0 0 -0.7115 0.0507 -0.7009
-1.4918 1.3681 -1.4258 0 0 -0.9412 0.0664 -0.3311
-1.4918 1.3681 -1.4258 0 0 -0.9412 0.0664 -0.3311
-1.484 1.4222 -1.4258 0 0 -0.8875 0.3166 -0.3348
-1.4609 1.4114 -1.467 0 0 -0.6723 0.2374 -0.7012
-1.484 1.4222 -1.4258 0 0 -0.8875 0.3166 -0.3348
-1.4918 1.3681 -1.4258 0 0 -0.9412 0.0664 -0.3311
-1.5 1.3681 -1.3681 -0.0099 0.075 -0.995 0.0705 -0.0705
-1.5 1.3681 -1.3681 -0.0099 0.075 -0.995 0.0705 -0.0705
-1.4918 1.4258 -1.3681 -0.0062 0.043 -0.9396 0.3345 -0.0723
-1.484 1.4222 -1.4258 0 0 -0.8875 0.3166 -0.3348
1.4918 1.4222 -1.3934 0 0 0.9374 0.3293 -0.1138
1.4918 1.4258 -1.3681 0.0241 0.0255 0.9393 0.3423 -0.0249
1.5 1.3681 -1.3681 0.044 0.044 0.9967 0.0572 -0.0572
1.4918 1.4258 -1.3681 0.0241 0.0255 0.9393 0.3423 -0.0249
1.4918 1.4222 -1.3934 0 0 0.9374 0.3293 -0.1138
1.467 1.4609 -1.4114 0 0 0.7012 0.6723 -0.2374
1.467 1.4609 -1.4114 0 0 0.7012 0.6723 -0.2374
1.467 1.467 -1.3681 0.0085 0.0142 0.7009 0.7115 -0.0507
1.4918 1.4258 -1.3681 0.0241 0.0255 0.9393 0.3423 -0.0249
1.467 1.467 -1.3681 0.0085 0.0142 0.7009 0.7115 -0.0507
1.467 1.4609 -1.4114 0 0 0.7012 0.6723 -0.2374
1.4258 1.484 -1.4222 0 0 0.3348 0.8875 -0.3166
1.4258 1.484 -1.4222 0 0 0.3348 0.8875 -0.3166
1.4258 1.4918 -1.3681 -0.0028 0.00999999 0.3311 0.9412 -0.0664
1.467 1.467 -1.3681 0.0085 0.0142 0.7009 0.7115 -0.0507
1.4258 1.4918 -1.3681 -0.0028 0.00999999 0.3311 0.9412 -0.0664
1.4258 1.484 -1.4222 0 0 0.3348 0.8875 -0.3166
1.3681 1.4918 -1.4258 -0.0062 0.0119 0.0723 0.9396 -0.3345
1.3681 1.4918 -1.4258 -0.0062 0.0119 0.0723 0.9396 -0.3345
1.3681 1.5 -1.3681 -0.0099 0.0129 0.0705 0.995 -0.0705
1.4258 1.4918 -1.3681 -0.0028 0.00999999 0.3311 0.9412 -0.0664
1.4918 1.4114 -1.4114 0 0 0.9387 0.2437 -0.2437
1.4918 1.4222 -1.3934 0 0 0.9374 0.3293 -0.1138
1.5 1.3681 -1.3681 0.044 0.044 0.9967 0.0572 -0.0572
1.4918 1.4222 -1.3934 0 0 0.9374 0.3293 -0.1138
1.4918 1.4114 -1.4114 0 0 0.9387 0.2437 -0.2437
1.467 1.4423 -1.4423 0 0 0.7069 0.5001 -0.5001
1.467 1.4423 -1.4423 0 0 0.7069 0.5001 -0.5001
1.467 1.4609 -1.4114 0 0 0.7012 0.6723 -0.2374
1.4918 1.4222 -1.3934 0 0 0.9374 0.3293 -0.1138
1.467 1.4609 -1.4114 0 0 0.7012 0.6723 -0.2374
1.467 1.4423 -1.4423 0 0 0.7069 0.5001 -0.5001
1.4258 1.4609 -1.4609 0 0 0.3409 0.6648 -0.6648
1.4258 1.4609 -1.4609 0 0 0.3409 0.6648 -0.6648
1.4258 1.484 -1.4222 0 0 0.3348 0.8875 -0.3166
1.467 1.4609 -1.4114 0 0 0.7012 0.6723 -0.2374
1.4258 1.484 -1.4222 0 0 0.3348 0.8875 -0.3166
1.4258 1.4609 -1.4609 0 0 0.3409 0.6648 -0.6648
1.3681 1.467 -1.467 -0.0049 0.022 0.0743 0.7052 -0.7052
1.3681 1.467 -1.467 -0.0049 0.022 0.0743 0.7052 -0.7052
1.3681 1.4918 -1.4258 -0.0062 0.0119 0.0723 0.9396 -0.3345
1.4258 1.484 -1.4222 0 0 0.3348 0.8875 -0.3166
1.4918 1.3934 -1.4222 0 0 0.9374 0.1138 -0.3293
1.4918 1.4114 -1.4114 0 0 0.9387 0.2437 -0.2437
1.5 1.3681 -1.3681 0.044 0.044 0.9967 0.0572 -0.0572
1.4918 1.4114 -1.4114 0 0 0.9387 0.2437 -0.2437
1.4918 1.3934 -1.4222 0 0 0.9374 0.1138 -0.3293
1.467 1.4114 -1.4609 0 0 0.7012 0.2374 -0.6723
1.467 1.4114 -1.4609 0 0 0.7012 0.2374 -0.6723
1.467 1.4423 -1.4423 0 0 0.7069 0.5001 -0.5001
1.4918 1.4114 -1.4114 0 0 0.9387 0.2437 -0.2437
1.467 1.4423 -1.4423 0 0 0.7069 0.5001 -0.5001
1.467 1.4114 -1.4609 0 0 0.7012 0.2374 -0.6723
1.4258 1.4222 -1.484 0 0 0.3348 0.3166 -0.8875
1.4258 1.4222 -1.484 0 0 0.3348 0.3166 -0.8875
1.4258 1.4609 -1.4609 0 0 0.3409 0.6648 -0.6648
1.467 1.4423 -1.4423 0 0 0.7069 0.5001 -0.5001
1.4258 1.4609 -1.4609 0 0 0.3409 0.6648 -0.6648
1.4258 1.4222 -1.484 0 0 0.3348 0.3166 -0.8875
1.3681 1.4258 -1.4918 -0.0062 0.043 0.0723 0.3345 -0.9396
1.3681 1.4258 -1.4918 -0.0062 0.043 0.0723 0.3345 -0.9396
1.3681 1.467 -1.467 -0.0049 0.022 0.0743 0.7052 -0.7052
1.4258 1.4609 -1.4609 0 0 0.3409 0.6648 -0.6648
1.4918 1.3934 -1.4222 0 0 0.9374 0.1138 -0.3293
1.4918 1.3681 -1.4258 0 0 0.9393 0.0249 -0.3423
1.467 1.3681 -1.467 0 0 0.7009 0.0507 -0.7115
1.467 1.3681 -1.467 0 0 0.7009 0.0507 -0.7115
1.467 1.4114 -1.4609 0 0 0.7012 0.2374 -0.6723
1.4918 1.3934 -1.4222 0 0 0.9374 0.1138 -0.3293
1.467 1.4114 -1.4609 0 0 0.7012 0.2374 -0.6723
1.467 1.3681 -1.467 0 0 0.7009 0.0507 -0.7115
1.4258 1.3681 -1.4918 0 0 0.3311 0.0664 -0.9412
1.4258 1.3681 -1.4918 0 0 0.3311 0.0664 -0.9412
1.4258 1.4222 -1.484 0 0 0.3348 0.3166 -0.8875
1.467 1.4114 -1.4609 0 0 0.7012 0.2374 -0.6723
1.4258 1.4222 -1.484 0 0 0.3348 0.3166 -0.8875
1.4258 1.3681 -1.4918 0 0 0.3311 0.0664 -0.9412
1.3681 1.3681 -1.5 -0.0099 0.075 0.0705 0.0705 -0.995
1.3681 1.3681 -1.5 -0.0099 0.075 0.0705 0.0705 -0.995
1.3681 1.4258 -1.4918 -0.0062 0.043 0.0723 0.3345 -0.9396
1.4258 1.4222 -1.484 0 0 0.3348 0.3166 -0.8875
-1.4918 1.4222 1.3934 0 0 -0.9374 0.3293 0.1138
-1.4918 1.4258 1.3681 0.0241 0.0255 -0.9393 0.3423 0.0249
-1.5 1.3681 1.3681 0.044 0.044 -0.9967 0.0572 0.0572
-1.4918 1.4258 1.3681 0.0241 0.0255 -0.9393 0.3423 0.0249
-1.4918 1.4222 1.3934 0 0 -0.9374 0.3293 0.1138
-1.467 1.4609 1.4114 0 0 -0.7012 0.6723 0.2374
-1.467 1.4609 1.4114 0 0 -0.7012 0.6723 0.2374
-1.467 1.467 1.3681 0.0085 0.0142 -0.7009 0.7115 0.0507
-1.4918 1.4258 1.3681 0.0241 0.0255 -0.9393 0.3423 0.0249
-1.467 1.467 1.3681 0.0085 0.0142 -0.7009 0.7115 0.0507
-1.467 1.4609 1.4114 0 0 -0.7012 0.6723 0.2374
-1.4258 1.484 1.4222 0 0 -0.3348 0.8875 0.3166
-1.4258 1.484 1.4222 0 0 -0.3348 0.8875 0.3166
-1.4258 1.4918 1.3681 -0.0028 0.00999999 -0.3311 0.9412 0.0664
-1.467 1.467 1.3681 0.0085 0.0142 -0.7009 0.7115 0.0507
-1.4258 1.4918 1.3681 -0.0028 0.00999999 -0.3311 0.9412 0.0664
-1.4258 1.484 1.4222 0 0 -0.3348 0.8875 0.3166
-1.3681 1.4918 1.4258 -0.0062 0.0119 -0.0723 0.9396 0.3345
-1.3681 1.4918 1.4258 -0.0062 0.0119 -0.0723 0.9396 0.3345
-1.3681 1.5 1.3681 -0.0099 0.0129 -0.0705 0.995 0.0705
-1.4258 1.4918 1.3681 -0.0028 0.00999999 -0.3311 0.9412 0.0664
-1.4918 1.4114 1.4114 0 0 -0.9387 0.2437 0.2437
-1.4918 1.4222 1.3934 0 0 -0.9374 0.3293 0.1138
-1.5 1.3681 1.3681 0.044 0.044 -0.9967 0.0572 0.0572
-1.4918 1.4222 1.3934 0 0 -0.9374 0.3293 0.1138
-1.4918 1.4114 1.4114 0 0 -0.9387 0.2437 0.2437
-1.467 1.4423 1.4423 0 0 -0.7069 0.5001 0.5001
-1.467 1.4423 1.4423 0 0 -0.7069 0.5001 0.5001
-1.467 1.4609 1.4114 0 0 -0.7012 0.6723 0.2374
-1.4918 1.4222 1.3934 0 0 -0.9374 0.3293 0.1138
-1.467 1.4609 1.4114 0 0 -0.7012 0.6723 0.2374
-1.467 1.4423 1.4423 0 0 -0.7069 0.5001 0.5001
-1.4258 1.4609 1.4609 0 0 -0.3409 0.6648 0.6648
-1.4258 1.4609 1.4609 0 0 -0.3409 0.6648 0.6648
-1.4258 1.484 1.4222 0 0 -0.3348 0.8875 0.3166
-1.467 1.4609 1.4114 0 0 -0.7012 0.6723 0.2374
-1.4258 1.484 1.4222 0 0 -0.3348 0.8875 0.3166
-1.4258 1.4609 1.4609 0 0 -0.3409 0.6648 0.6648
-1.3681 1.467 1.467 -0.0049 0.022 -0.0743 0.7052 0.7052
-1.3681 1.467 1.467 -0.0049 0.022 -0.0743 0.7052 0.7052
-1.3681 1.4918 1.4258 -0.0062 0.0119 -0.0723 0.9396 0.3345
-1.4258 1.484 1.4222 0 0 -0.3348 0.8875 0.3166
-1.4918 1.3934 1.4222 0 0 -0.9374 0.1138 0.3293
-1.4918 1.4114 1.4114 0 0 -0.9387 0.2437 0.2437
-1.5 1.3681 1.3681 0.044 0.044 -0.9967 0.0572 0.0572
-1.4918 1.4114 1.4114 0 0 -0.9387 0.2437 0.2437
-1.4918 1.3934 1.4222 0 0 -0.9374 0.1138 0.3293
-1.467 1.4114 1.4609 0 0 -0.7012 0.2374 0.6723
-1.467 1.4114 1.4609 0 0 -0.7012 0.2374 0.6723
-1.467 1.4423 1.4423 0 0 -0.7069 0.5001 0.5001
-1.4918 1.4114 1.4114 0 0 -0.9387 0.2437 0.2437
-1.467 1.4423 1.4423 0 0 -0.7069 0.5001 0.5001
-1.467 1.4114 1.4609 0 0 -0.7012 0.2374 0.6723
-1.4258 1.4222 1.484 0 0 -0.3348 0.3166 0.8875
-1.4258 1.4222 1.484 0 0 -0.3348 0.3166 0.8875
-1.4258 1.4609 1.4609 0 0 -0.3409 0.6648 0.6648
-1.467 1.4423 1.4423 0 0 -0.7069 0.5001 0.5001
-1.4258 1.4609 1.4609 0 0 -0.3409 0.6648 0.6648
-1.4258 1.4222 1.484 0 0 -0.3348 0.3166 0.8875
-1.3681 1.4258 1.4918 -0.0062 0.043 -0.0723 0.3345 0.9396
-1.3681 1.4258 1.4918 -0.0062 0.043 -0.0723 0.3345 0.9396
-1.3681 1.467 1.467 -0.0049 0.022 -0.0743 0.7052 0.7052
-1.4258 1.4609 1.4609 0 0 -0.3409 0.6648 0.6648
-1.4918 1.3934 1.4222 0 0 -0.9374 0.1138 0.3293
-1.4918 1.3681 1.4258 0 0 -0.9393 0.0249 0.3423
-1.467 1.3681 1.467 0 0 -0.7009 0.0507 0.7115
-1.467 1.3681 1.467 0 0 -0.7009 0.0507 0.7115
-1.467 1.4114 1.4609 0 0 -0.7012 0.2374 0.6723
-1.4918 1.3934 1.4222 0 0 -0.9374 0.1138 0.3293
-1.467 1.4114 1.4609 0 0 -0.7012 0.2374 0.6723
-1.467 1.3681 1.467 0 0 -0.7009 0.0507 0.7115
-1.4258 1.3681 1.4918 0 0 -0.3311 0.0664 0.9412
-1.4258 1.3681 1.4918 0 0 -0.3311 0.0664 0.9412
-1.4258 1.4222 1.484 0 0 -0.3348 0.3166 0.8875
-1.467 1.4114 1.4609 0 0 -0.7012 0.2374 0.6723
-1.4258 1.4222 1.484 0 0 -0.3348 0.3166 0.8875
-1.4258 1.3681 1.4918 0 0 -0.3311 0.0664 0.9412
-1.3681 1.3681 1.5 -0.0099 0.075 -0.0705 0.0705 0.995
-1.3681 1.3681 1.5 -0.0099 0.075 -0.0705 0.0705 0.995
-1.3681 1.4258 1.4918 -0.0062 0.043 -0.0723 0.3345 0.9396
-1.4258 1.4222 1.484 0 0 -0.3348 0.3166 0.8875
1.3934 1.4222 1.4918 0 0 0.1138 0.3293 0.9374
1.3681 1.4258 1.4918 0.0241 0.0255 0.0249 0.3423 0.9393
1.3681 1.3681 1.5 0.044 0.044 0.0572 0.0572 0.9967
1.3681 1.4258 1.4918 0.0241 0.0255 0.0249 0.3423 0.9393
1.3934 1.4222 1.4918 0 0 0.1138 0.3293 0.9374
1.4114 1.4609 1.467 0 0 0.2374 0.6723 0.7012
1.4114 1.4609 1.467 0 0 0.2374 0.6723 0.7012
1.3681 1.467 1.467 0.0085 0.0142 0.0507 0.7115 0.7009
1.3681 1.4258 1.4918 0.0241 0.0255 0.0249 0.3423 0.9393
1.3681 1.467 1.467 0.0085 0.0142 0.0507 0.7115 0.7009
1.4114 1.4609 1.467 0 0 0.2374 0.6723 0.7012
1.4222 1.484 1.4258 0 0 0.3166 0.8875 0.3348
1.4222 1.484 1.4258 0 0 0.3166 0.8875 0.3348
1.3681 1.4918 1.4258 -0.0028 0.00999999 0.0664 0.9412 0.3311
1.3681 1.467 1.467 0.0085 0.0142 0.0507 0.7115 0.7009
1.3681 1.4918 1.4258 -0.0028 0.00999999 0.0664 0.9412 0.3311
1.4222 1.484 1.4258 0 0 0.3166 0.8875 0.3348
1.4258 1.4918 1.3681 -0.0062 0.0119 0.3345 0.9396 0.0723
1.4258 1.4918 1.3681 -0.0062 0.0119 0.3345 0.9396 0.0723
1.3681 1.5 1.3681 -0.0099 0.0129 0.0705 0.995 0.0705
1.3681 1.4918 1.4258 -0.0028 0.00999999 0.0664 0.9412 0.3311
1.4114 1.4114 1.4918 0 0 0.2437 0.2437 0.9387
1.3934 1.4222 1.4918 0 0 0.1138 0.3293 0.9374
1.3681 1.3681 1.5 0.044 0.044 0.0572 0.0572 0.9967
1.3934 1.4222 1.4918 0 0 0.1138 0.3293 0.9374
1.4114 1.4114 1.4918 0 0 0.2437 0.2437 0.9387
1.4423 1.4423 1.467 0 0 0.5001 0.5001 0.7069
1.4423 1.4423 1.467 0 0 0.5001 0.5001 0.7069
1.4114 1.4609 1.467 0 0 0.2374 0.6723 0.7012
1.3934 1.4222 1.4918 0 0 0.1138 0.3293 0.9374
1.4114 1.4609 1.467 0 0 0.2374 0.6723 0.7012
1.4423 1.4423 1.467 0 0 0.5001 0.5001 0.7069
1.4609 1.4609 1.4258 0 0 0.6648 0.6648 0.3409
1.4609 1.4609 1.4258 0 0 0.6648 0.6648 0.3409
1.4222 1.484 1.4258 0 0 0.3166 0.8875 0.3348
1.4114 1.4609 1.467 0 0 0.2374 0.6723 0.7012
1.4222 1.484 1.4258 0 0 0.3166 0.8875 0.3348
1.4609 1.4609 1.4258 0 0 0.6648 0.6648 0.3409
1.467 1.467 1.3681 -0.0049 0.022 0.7052 0.7052 0.0743
1.467 1.467 1.3681 -0.0049 0.022 0.7052 0.7052 0.0743
1.4258 1.4918 1.3681 -0.0062 0.0119 0.3345 0.9396 0.0723
1.4222 1.484 1.4258 0 0 0.3166 0.8875 0.3348
1.4222 1.3934 1.4918 0 0 0.3293 0.1138 0.9374
1.4114 1.4114 1.4918 0 0 0.2437 0.2437 0.9387
1.3681 1.3681 1.5 0.044 0.044 0.0572 0.0572 0.9967
1.4114 1.4114 1.4918 0 0 0.2437 0.2437 0.9387
1.4222 1.3934 1.4918 0 0 0.3293 0.1138 0.9374
1.4609 1.4114 1.467 0 0 0.6723 0.2374 0.7012
1.4609 1.4114 1.467 0 0 0.6723 0.2374 0.7012
1.4423 1.4423 1.467 0 0 0.5001 0.5001 0.7069
1.4114 1.4114 1.4918 0 0 0.2437 0.2437 0.9387
1.4423 1.4423 1.467 0 0 0.5001 0.5001 0.7069
1.4609 1.4114 1.467 0 0 0.6723 0.2374 0.7012
1.484 1.4222 1.4258 0 0 0.8875 0.3166 0.3348
1.484 1.4222 1.4258 0 0 0.8875 0.3166 0.3348
1.4609 1.4609 1.4258 0 0 0.6648 0.6648 0.3409
1.4423 1.4423 1.467 0 0 0.5001 0.5001 0.7069
1.4609 1.4609 1.4258 0 0 0.6648 0.6648 0.3409
1.484 1.4222 1.4258 0 0 0.8875 0.3166 0.3348
1.4918 1.4258 1.3681 -0.0062 0.043 0.9396 0.3345 0.0723
1.4918 1.4258 1.3681 -0.0062 0.043 0.9396 0.3345 0.0723
1.467 1.467 1.3681 -0.0049 0.022 0.7052 0.7052 0.0743
1.4609 1.4609 1.4258 0 0 0.6648 0.6648 0.3409
1.4222 1.3934 1.4918 0 0 0.3293 0.1138 0.9374
1.4258 1.3681 1.4918 0 0 0.3423 0.0249 0.9393
1.467 1.3681 1.467 0 0 0.7115 0.0507 0.7009
1.467 1.3681 1.467 0 0 0.7115 0.0507 0.7009
1.4609 1.4114 1.467 0 0 0.6723 0.2374 0.7012
1.4222 1.3934 1.4918 0 0 0.3293 0.1138 0.9374
1.4609 1.4114 1.467 0 0 0.6723 0.2374 0.7012
1.467 1.3681 1.467 0 0 0.7115 0.0507 0.7009
1.4918 1.3681 1.4258 0 0 0.9412 0.0664 0.3311
1.4918 1.3681 1.4258 0 0 0.9412 0.0664 0.3311
1.484 1.4222 1.4258 0 0 0.8875 0.3166 0.3348
1.4609 1.4114 1.467 0 0 0.6723 0.2374 0.7012
1.484 1.4222 1.4258 0 0 0.8875 0.3166 0.3348
1.4918 1.3681 1.4258 0 0 0.9412 0.0664 0.3311
1.5 1.3681 1.3681 -0.0099 0.075 0.995 0.0705 0.0705
1.5 1.3681 1.3681 -0.0099 0.075 0.995 0.0705 0.0705
1.4918 1.4258 1.3681 -0.0062 0.043 0.9396 0.3345 0.0723
1.484 1.4222 1.4258 0 0 0.8875 0.3166 0.3348
-1.4258 -1.4918 -1.3681 0.956 0.9094 -0.3345 -0.9396 -0.0723
-1.4258 -1.4918 1.3681 0.044 0.9094 -0.3311 -0.9412 0.0664
-1.467 -1.467 1.3681 0.044 0.925 -0.7009 -0.7115 0.0507
-1.467 -1.467 1.3681 0.044 0.925 -0.7009 -0.7115 0.0507
-1.467 -1.467 -1.3681 0.956 0.925 -0.7052 -0.7052 -0.0743
-1.4258 -1.4918 -1.3681 0.956 0.9094 -0.3345 -0.9396 -0.0723
-1.467 -1.467 -1.3681 0.956 0.925 -0.7052 -0.7052 -0.0743
-1.467 -1.467 1.3681 0.044 0.925 -0.7009 -0.7115 0.0507
-1.4918 -1.4258 1.3681 0.044 0.9405 -0.9393 -0.3423 0.0249
-1.4918 -1.4258 1.3681 0.044 0.9405 -0.9393 -0.3423 0.0249
-1.4918 -1.4258 -1.3681 0.956 0.9405 -0.9396 -0.3345 -0.0723
-1.467 -1.467 -1.3681 0.956 0.925 -0.7052 -0.7052 -0.0743
-1.4918 -1.4258 -1.3681 0.956 0.9405 -0.9396 -0.3345 -0.0723
-1.4918 -1.4258 1.3681 0.044 0.9405 -0.9393 -0.3423 0.0249
-1.5 -1.3681 1.3681 0.044 0.956 -0.9967 -0.0572 0.0572
-1.5 -1.3681 1.3681 0.044 0.956 -0.9967 -0.0572 0.0572
-1.5 -1.3681 -1.3681 0.956 0.956 -0.995 -0.0705 -0.0705
-1.4918 -1.4258 -1.3681 0.956 0.9405 -0.9396 -0.3345 -0.0723
-1.3681 -1.4918 1.4258 0.956 0.9094 -0.0723 -0.9396 0.3345
1.3681 -1.4918 1.4258 0.044 0.9094 0.0249 -0.9393 0.3423
1.3681 -1.467 1.467 0.044 0.925 0.0507 -0.7009 0.7115
1.3681 -1.467 1.467 0.044 0.925 0.0507 -0.7009 0.7115
-1.3681 -1.467 1.467 0.956 0.925 -0.0743 -0.7052 0.7052
-1.3681 -1.4918 1.4258 0.956 0.9094 -0.0723 -0.9396 0.3345
-1.3681 -1.467 1.467 0.956 0.925 -0.0743 -0.7052 0.7052
1.3681 -1.467 1.467 0.044 0.925 0.0507 -0.7009 0.7115
1.3681 -1.4258 1.4918 0.044 0.9405 0.0664 -0.3311 0.9412
1.3681 -1.4258 1.4918 0.044 0.9405 0.0664 -0.3311 0.9412
-1.3681 -1.4258 1.4918 0.956 0.9405 -0.0723 -0.3345 0.9396
-1.3681 -1.467 1.467 0.956 0.925 -0.0743 -0.7052 0.7052
-1.3681 -1.4258 1.4918 0.956 0.9405 -0.0723 -0.3345 0.9396
1.3681 -1.4258 1.4918 0.044 0.9405 0.0664 -0.3311 0.9412
1.3681 -1.3681 1.5 0.044 0.956 0.0705 -0.0705 0.995
1.3681 -1.3681 1.5 0.044 0.956 0.0705 -0.0705 0.995
-1.3681 -1.3681 1.5 0.956 0.956 -0.0705 -0.0705 0.995
-1.3681 -1.4258 1.4918 0.956 0.9405 -0.0723 -0.3345 0.9396
1.4258 -1.4918 1.3681 0.956 0.9094 0.3423 -0.9393 0.0249
1.4258 -1.4918 -1.3681 0.044 0.9094 0.3423 -0.9393 -0.0249
1.467 -1.467 -1.3681 0.044 0.925 0.7115 -0.7009 -0.0507
1.467 -1.467 -1.3681 0.044 0.925 0.7115 -0.7009 -0.0507
1.467 -1.467 1.3681 0.956 0.925 0.7115 -0.7009 0.0507
1.4258 -1.4918 1.3681 0.956 0.9094 0.3423 -0.9393 0.0249
1.467 -1.467 1.3681 0.956 0.925 0.7115 -0.7009 0.0507
1.467 -1.467 -1.3681 0.044 0.925 0.7115 -0.7009 -0.0507
1.4918 -1.4258 -1.3681 0.044 0.9405 0.9412 -0.3311 -0.0664
1.4918 -1.4258 -1.3681 0.044 0.9405 0.9412 -0.3311 -0.0664
1.4918 -1.4258 1.3681 0.956 0.9405 0.9412 -0.3311 0.0664
1.467 -1.467 1.3681 0.956 0.925 0.7115 -0.7009 0.0507
1.4918 -1.4258 1.3681 0.956 0.9405 0.9412 -0.3311 0.0664
1.4918 -1.4258 -1.3681 0.044 0.9405 0.9412 -0.3311 -0.0664
1.5 -1.3681 -1.3681 0.044 0.956 0.995 -0.0705 -0.0705
1.5 -1.3681 -1.3681 0.044 0.956 0.995 -0.0705 -0.0705
1.5 -1.3681 1.3681 0.956 0.956 0.995 -0.0705 0.0705
1.4918 -1.4258 1.3681 0.956 0.9405 0.9412 -0.3311 0.0664
1.3681 -1.4918 -1.4258 0.956 0.9094 0.0249 -0.9393 -0.3423
-1.3681 -1.4918 -1.4258 0.044 0.9094 -0.0664 -0.9412 -0.3311
-1.3681 -1.467 -1.467 0.044 0.925 -0.0507 -0.7115 -0.7009
-1.3681 -1.467 -1.467 0.044 0.925 -0.0507 -0.7115 -0.7009
1.3681 -1.467 -1.467 0.956 0.925 0.0507 -0.7009 -0.7115
1.3681 -1.4918 -1.4258 0.956 0.9094 0.0249 -0.9393 -0.3423
1.3681 -1.467 -1.467 0.956 0.925 0.0507 -0.7009 -0.7115
-1.3681 -1.467 -1.467 0.044 0.925 -0.0507 -0.7115 -0.7009
-1.3681 -1.4258 -1.4918 0.044 0.9405 -0.0249 -0.3423 -0.9393
-1.3681 -1.4258 -1.4918 0.044 0.9405 -0.0249 -0.3423 -0.9393
1.3681 -1.4258 -1.4918 0.956 0.9405 0.0664 -0.3311 -0.9412
1.3681 -1.467 -1.467 0.956 0.925 0.0507 -0.7009 -0.7115
1.3681 -1.4258 -1.4918 0.956 0.9405 0.0664 -0.3311 -0.9412
-1.3681 -1.4258 -1.4918 0.044 0.9405 -0.0249 -0.3423 -0.9393
-1.3681 -1.3681 -1.5 0.044 0.956 -0.0572 -0.0572 -0.9967
-1.3681 -1.3681 -1.5 0.044 0.956 -0.0572 -0.0572 -0.9967
1.3681 -1.3681 -1.5 0.956 0.956 0.0705 -0.0705 -0.995
1.3681 -1.4258 -1.4918 0.956 0.9405 0.0664 -0.3311 -0.9412
-1.3681 1.4918 -1.4258 0.044 0.0906 -0.0664 0.9412 -0.3311
1.3681 1.4918 -1.4258 0.956 0.0906 0.0723 0.9396 -0.3345
1.3681 1.467 -1.467 0.956 0.075 0.0743 0.7052 -0.7052
1.3681 1.467 -1.467 0.956 0.075 0.0743 0.7052 -0.7052
-1.3681 1.467 -1.467 0.044 0.075 -0.0507 0.7115 -0.7009
-1.3681 1.4918 -1.4258 0.044 0.0906 -0.0664 0.9412 -0.3311
-1.3681 1.467 -1.467 0.044 0.075 -0.0507 0.7115 -0.7009
1.3681 1.467 -1.467 0.956 0.075 0.0743 0.7052 -0.7052
1.3681 1.4258 -1.4918 0.956 0.0595 0.0723 0.3345 -0.9396
1.3681 1.4258 -1.4918 0.956 0.0595 0.0723 0.3345 -0.9396
-1.3681 1.4258 -1.4918 0.044 0.0595 -0.0249 0.3423 -0.9393
-1.3681 1.467 -1.467 0.044 0.075 -0.0507 0.7115 -0.7009
-1.3681 1.4258 -1.4918 0.044 0.0595 -0.0249 0.3423 -0.9393
1.3681 1.4258 -1.4918 0.956 0.0595 0.0723 0.3345 -0.9396
1.3681 1.3681 -1.5 0.956 0.044 0.0705 0.0705 -0.995
1.3681 1.3681 -1.5 0.956 0.044 0.0705 0.0705 -0.995
-1.3681 1.3681 -1.5 0.044 0.044 -0.0572 0.0572 -0.9967
-1.3681 1.4258 -1.4918 0.044 0.0595 -0.0249 0.3423 -0.9393
1.4258 1.4918 -1.3681 0.044 0.0906 0.3311 0.9412 -0.0664
1.4258 1.4918 1.3681 0.956 0.0906 0.3345 0.9396 0.0723
1.467 1.467 1.3681 0.956 0.075 0.7052 0.7052 0.0743
1.467 1.467 1.3681 0.956 0.075 0.7052 0.7052 0.0743
1.467 1.467 -1.3681 0.044 0.075 0.7009 0.7115 -0.0507
1.4258 1.4918 -1.3681 0.044 0.0906 0.3311 0.9412 -0.0664
1.467 1.467 -1.3681 0.044 0.075 0.7009 0.7115 -0.0507
1.467 1.467 1.3681 0.956 0.075 0.7052 0.7052 0.0743
1.4918 1.4258 1.3681 0.956 0.0595 0.9396 0.3345 0.0723
1.4918 1.4258 1.3681 0.956 0.0595 0.9396 0.3345 0.0723
1.4918 1.4258 -1.3681 0.044 0.0595 0.9393 0.3423 -0.0249
1.467 1.467 -1.3681 0.044 0.075 0.7009 0.7115 -0.0507
1.4918 1.4258 -1.3681 0.044 0.0595 0.9393 0.3423 -0.0249
1.4918 1.4258 1.3681 0.956 0.0595 0.9396 0.3345 0.0723
1.5 1.3681 1.3681 0.956 0.044 0.995 0.0705 0.0705
1.5 1.3681 1.3681 0.956 0.044 0.995 0.0705 0.0705
1.5 1.3681 -1.3681 0.044 0.044 0.9967 0.0572 -0.0572
1.4918 1.4258 -1.3681 0.044 0.0595 0.9393 0.3423 -0.0249
1.3681 1.4918 1.4258 0.044 0.0906 0.0664 0.9412 0.3311
-1.3681 1.4918 1.4258 0.956 0.0906 -0.0723 0.9396 0.3345
-1.3681 1.467 1.467 0.956 0.075 -0.0743 0.7052 0.7052
-1.3681 1.467 1.467 0.956 0.075 -0.0743 0.7052 0.7052
1.3681 1.467 1.467 0.044 0.075 0.0507 0.7115 0.7009
1.3681 1.4918 1.4258 0.044 0.0906 0.0664 0.9412 0.3311
1.3681 1.467 1.467 0.044 0.075 0.0507 0.7115 0.7009
-1.3681 1.467 1.467 0.956 0.075 -0.0743 0.7052 0.7052
-1.3681 1.4258 1.4918 0.956 0.0595 -0.0723 0.3345 0.9396
-1.3681 1.4258 1.4918 0.956 0.0595 -0.0723 0.3345 0.9396
1.3681 1.4258 1.4918 0.044 0.0595 0.0249 0.3423 0.9393
1.3681 1.467 1.467 0.044 0.075 0.0507 0.7115 0.7009
1.3681 1.4258 1.4918 0.044 0.0595 0.0249 0.3423 0.9393
-1.3681 1.4258 1.4918 0.956 0.0595 -0.0723 0.3345 0.9396
-1.3681 1.3681 1.5 0.956 0.044 -0.0705 0.0705 0.995
-1.3681 1.3681 1.5 0.956 0.044 -0.0705 0.0705 0.995
1.3681 1.3681 1.5 0.044 0.044 0.0572 0.0572 0.9967
1.3681 1.4258 1.4918 0.044 0.0595 0.0249 0.3423 0.9393
-1.4258 1.4918 1.3681 0.044 0.0906 -0.3311 0.9412 0.0664
-1.4258 1.4918 -1.3681 0.956 0.0906 -0.3345 0.9396 -0.0723
-1.467 1.467 -1.3681 0.956 0.075 -0.7052 0.7052 -0.0743
-1.467 1.467 -1.3681 0.956 0.075 -0.7052 0.7052 -0.0743
-1.467 1.467 1.3681 0.044 0.075 -0.7009 0.7115 0.0507
-1.4258 1.4918 1.3681 0.044 0.0906 -0.3311 0.9412 0.0664
-1.467 1.467 1.3681 0.044 0.075 -0.7009 0.7115 0.0507
-1.467 1.467 -1.3681 0.956 0.075 -0.7052 0.7052 -0.0743
-1.4918 1.4258 -1.3681 0.956 0.0595 -0.9396 0.3345 -0.0723
-1.4918 1.4258 -1.3681 0.956 0.0595 -0.9396 0.3345 -0.0723
-1.4918 1.4258 1.3681 0.044 0.0595 -0.9393 0.3423 0.0249
-1.467 1.467 1.3681 0.044 0.075 -0.7009 0.7115 0.0507
-1.4918 1.4258 1.3681 0.044 0.0595 -0.9393 0.3423 0.0249
-1.4918 1.4258 -1.3681 0.956 0.0595 -0.9396 0.3345 -0.0723
-1.5 1.3681 -1.3681 0.956 0.044 -0.995 0.0705 -0.0705
-1.5 1.3681 -1.3681 0.956 0.044 -0.995 0.0705 -0.0705
-1.5 1.3681 1.3681 0.044 0.044 -0.9967 0.0572 0.0572
-1.4918 1.4258 1.3681 0.044 0.0595 -0.9393 0.3423 0.0249
1.4258 -1.3681 -1.4918 0.0906 0.956 0.3345 -0.0723 -0.9396
1.4258 1.3681 -1.4918 0.0906 0.044 0.3311 0.0664 -0.9412
1.467 1.3681 -1.467 0.075 0.044 0.7009 0.0507 -0.7115
1.467 1.3681 -1.467 0.075 0.044 0.7009 0.0507 -0.7115
1.467 -1.3681 -1.467 0.075 0.956 0.7052 -0.0743 -0.7052
1.4258 -1.3681 -1.4918 0.0906 0.956 0.3345 -0.0723 -0.9396
1.467 -1.3681 -1.467 0.075 0.956 0.7052 -0.0743 -0.7052
1.467 1.3681 -1.467 0.075 0.044 0.7009 0.0507 -0.7115
1.4918 1.3681 -1.4258 0.0595 0.044 0.9393 0.0249 -0.3423
1.4918 1.3681 -1.4258 0.0595 0.044 0.9393 0.0249 -0.3423
1.4918 -1.3681 -1.4258 0.0595 0.956 0.9396 -0.0723 -0.3345
1.467 -1.3681 -1.467 0.075 0.956 0.7052 -0.0743 -0.7052
1.4918 -1.3681 -1.4258 0.0595 0.956 0.9396 -0.0723 -0.3345
1.4918 1.3681 -1.4258 0.0595 0.044 0.9393 0.0249 -0.3423
1.5 1.3681 -1.3681 0.044 0.044 0.9967 0.0572 -0.0572
1.5 1.3681 -1.3681 0.044 0.044 0.9967 0.0572 -0.0572
1.5 -1.3681 -1.3681 0.044 0.956 0.995 -0.0705 -0.0705
1.4918 -1.3681 -1.4258 0.0595 0.956 0.9396 -0.0723 -0.3345
-1.4258 1.3681 -1.4918 0.9094 0.044 -0.3423 0.0249 -0.9393
-1.4258 -1.3681 -1.4918 0.9094 0.956 -0.3423 -0.0249 -0.9393
-1.467 -1.3681 -1.467 0.925 0.956 -0.7115 -0.0507 -0.7009
-1.467 -1.3681 -1.467 0.925 0.956 -0.7115 -0.0507 -0.7009
-1.467 1.3681 -1.467 0.925 0.044 -0.7115 0.0507 -0.7009
-1.4258 1.3681 -1.4918 0.9094 0.044 -0.3423 0.0249 -0.9393
-1.467 1.3681 -1.467 0.925 0.044 -0.7115 0.0507 -0.7009
-1.467 -1.3681 -1.467 0.925 0.956 -0.7115 -0.0507 -0.7009
-1.4918 -1.3681 -1.4258 0.9405 0.956 -0.9412 -0.0664 -0.3311
-1.4918 -1.3681 -1.4258 0.9405 0.956 -0.9412 -0.0664 -0.3311
-1.4918 1.3681 -1.4258 0.9405 0.044 -0.9412 0.0664 -0.3311
-1.467 1.3681 -1.467 0.925 0.044 -0.7115 0.0507 -0.7009
-1.4918 1.3681 -1.4258 0.9405 0.044 -0.9412 0.0664 -0.3311
-1.4918 -1.3681 -1.4258 0.9405 0.956 -0.9412 -0.0664 -0.3311
-1.5 -1.3681 -1.3681 0.956 0.956 -0.995 -0.0705 -0.0705
-1.5 -1.3681 -1.3681 0.956 0.956 -0.995 -0.0705 -0.0705
-1.5 1.3681 -1.3681 0.956 0.044 -0.995 0.0705 -0.0705
-1.4918 1.3681 -1.4258 0.9405 0.044 -0.9412 0.0664 -0.3311
1.4918 -1.3681 1.4258 0.0906 0.956 0.9396 -0.0723 0.3345
1.4918 1.3681 1.4258 0.0906 0.044 0.9412 0.0664 0.3311
1.467 1.3681 1.467 0.075 0.044 0.7115 0.0507 0.7009
1.467 1.3681 1.467 0.075 0.044 0.7115 0.0507 0.7009
1.467 -1.3681 1.467 0.075 0.956 0.7052 -0.0743 0.7052
1.4918 -1.3681 1.4258 0.0906 0.956 0.9396 -0.0723 0.3345
1.467 -1.3681 1.467 0.075 0.956 0.7052 -0.0743 0.7052
1.467 1.3681 1.467 0.075 0.044 0.7115 0.0507 0.7009
1.4258 1.3681 1.4918 0.0595 0.044 0.3423 0.0249 0.9393
1.4258 1.3681 1.4918 0.0595 0.044 0.3423 0.0249 0.9393
1.4258 -1.3681 1.4918 0.0595 0.956 0.3345 -0.0723 0.9396
1.467 -1.3681 1.467 0.075 0.956 0.7052 -0.0743 0.7052
1.4258 -1.3681 1.4918 0.0595 0.956 0.3345 -0.0723 0.9396
1.4258 1.3681 1.4918 0.0595 0.044 0.3423 0.0249 0.9393
1.3681 1.3681 1.5 0.044 0.044 0.0572 0.0572 0.9967
1.3681 1.3681 1.5 0.044 0.044 0.0572 0.0572 0.9967
1.3681 -1.3681 1.5 0.044 0.956 0.0705 -0.0705 0.995
1.4258 -1.3681 1.4918 0.0595 0.956 0.3345 -0.0723 0.9396
-1.4258 -1.3681 1.4918 0.0906 0.956 -0.3311 -0.0664 0.9412
-1.4258 1.3681 1.4918 0.0906 0.044 -0.3311 0.0664 0.9412
-1.467 1.3681 1.467 0.075 0.044 -0.7009 0.0507 0.7115
-1.467 1.3681 1.467 0.075 0.044 -0.7009 0.0507 0.7115
-1.467 -1.3681 1.467 0.075 0.956 -0.7009 -0.0507 0.7115
-1.4258 -1.3681 1.4918 0.0906 0.956 -0.3311 -0.0664 0.9412
-1.467 -1.3681 1.467 0.075 0.956 -0.7009 -0.0507 0.7115
-1.467 1.3681 1.467 0.075 0.044 -0.7009 0.0507 0.7115
-1.4918 1.3681 1.4258 0.0595 0.044 -0.9393 0.0249 0.3423
-1.4918 1.3681 1.4258 0.0595 0.044 -0.9393 0.0249 0.3423
-1.4918 -1.3681 1.4258 0.0595 0.956 -0.9393 -0.0249 0.3423
-1.467 -1.3681 1.467 0.075 0.956 -0.7009 -0.0507 0.7115
-1.4918 -1.3681 1.4258 0.0595 0.956 -0.9393 -0.0249 0.3423
-1.4918 1.3681 1.4258 0.0595 0.044 -0.9393 0.0249 0.3423
-1.5 1.3681 1.3681 0.044 0.044 -0.9967 0.0572 0.0572
-1.5 1.3681 1.3681 0.044 0.044 -0.9967 0.0572 0.0572
-1.5 -1.3681 1.3681 0.044 0.956 -0.9967 -0.0572 0.0572
-1.4918 -1.3681 1.4258 0.0595 0.956 -0.9393 -0.0249 0.3423
